[gd_scene load_steps=14 format=3 uid="uid://dmnqscyj7s2gn"]

[ext_resource type="PackedScene" uid="uid://dx34igxmyflbq" path="res://Models/Animation_Test/Mortar_idle.glb" id="1_tehj6"]
[ext_resource type="Material" uid="uid://ctd16egth8j6a" path="res://Textures/Mortar.tres" id="2_ngki2"]
[ext_resource type="PackedScene" uid="uid://gj3ymg4q8k5y" path="res://Scenes/VFXScene/test_smoke_1.tscn" id="3_ngki2"]
[ext_resource type="Animation" uid="uid://d0etiacpeisfx" path="res://Animations/Mortar/Action0.res" id="4_wn7ew"]
[ext_resource type="Animation" uid="uid://bkfaeespoqmd4" path="res://Animations/Mortar/Idle.res" id="5_rkhw0"]

[sub_resource type="Gradient" id="Gradient_ma7v5"]
offsets = PackedFloat32Array(0.003125, 0.046875, 0.225, 0.6875)
colors = PackedColorArray(1, 1, 1, 0, 0.956863, 0.956863, 0.956863, 1, 0.544973, 0.544975, 0.544973, 1, 0.42365, 0.423651, 0.42365, 1)

[sub_resource type="GradientTexture1D" id="GradientTexture1D_vww00"]
gradient = SubResource("Gradient_ma7v5")

[sub_resource type="Curve" id="Curve_ih4qk"]
_data = [Vector2(0.00578034, 0.510832), 0.0, 0.0, 0, 0, Vector2(0.67052, 0.332953), 0.0, 0.0, 0, 0, Vector2(1, 0), -5.10913, 0.0, 0, 0]
point_count = 3

[sub_resource type="CurveTexture" id="CurveTexture_5thh8"]
curve = SubResource("Curve_ih4qk")

[sub_resource type="ParticleProcessMaterial" id="ParticleProcessMaterial_wn7ew"]
resource_local_to_scene = true
lifetime_randomness = 0.1
particle_flag_align_y = true
emission_shape = 1
emission_sphere_radius = 0.3
angle_min = -720.0
angle_max = 720.0
direction = Vector3(0, 1, 0)
spread = 30.067
flatness = 1.0
initial_velocity_min = 7.0
initial_velocity_max = 40.0
gravity = Vector3(0, 0.2, 0)
linear_accel_min = -3.65
linear_accel_max = -2.23517e-06
damping_min = 1.0
damping_max = 1.0
scale_min = 0.3
scale_max = 0.5
scale_curve = SubResource("CurveTexture_5thh8")
scale_over_velocity_max = 1000.0
color_ramp = SubResource("GradientTexture1D_vww00")
hue_variation_min = -0.19
hue_variation_max = 0.8
turbulence_noise_strength = 0.72

[sub_resource type="Animation" id="Animation_wn7ew"]
length = 0.001
tracks/0/type = "value"
tracks/0/imported = false
tracks/0/enabled = true
tracks/0/path = NodePath("Armature_003/Skeleton3D/Gun3_2/Gun3_2/TestSmoke1/GPUParticles3D:emitting")
tracks/0/interp = 1
tracks/0/loop_wrap = true
tracks/0/keys = {
"times": PackedFloat32Array(0),
"transitions": PackedFloat32Array(1),
"update": 1,
"values": [false]
}

[sub_resource type="AnimationLibrary" id="AnimationLibrary_rkhw0"]
_data = {
&"RESET": SubResource("Animation_wn7ew")
}

[sub_resource type="AnimationLibrary" id="AnimationLibrary_qwcck"]
_data = {
&"Action0": ExtResource("4_wn7ew"),
&"Idle": ExtResource("5_rkhw0")
}

[node name="Mortar_idle" instance=ExtResource("1_tehj6")]

[node name="Skeleton3D" parent="Armature_003" index="0"]
bones/2/rotation = Quaternion(0.707107, 3.09086e-08, -3.09086e-08, 0.707107)
bones/4/rotation = Quaternion(0.936099, -4.19304e-08, 1.11592e-07, -0.351738)
bones/5/scale = Vector3(1, 1, 1)

[node name="Gun3_2" parent="Armature_003/Skeleton3D" index="0"]
transform = Transform3D(1, 5.79719e-13, 1.1531e-13, 2.78341e-13, -0.615661, 0.788011, 6.22178e-13, -0.78801, -0.615661, 4.33273e-14, 0.262872, -0.682117)

[node name="Gun3_2" parent="Armature_003/Skeleton3D/Gun3_2" index="0"]
material_override = ExtResource("2_ngki2")

[node name="TestSmoke1" parent="Armature_003/Skeleton3D/Gun3_2/Gun3_2" index="0" instance=ExtResource("3_ngki2")]

[node name="GPUParticles3D" parent="Armature_003/Skeleton3D/Gun3_2/Gun3_2/TestSmoke1" index="0"]
transform = Transform3D(0.1, -3.28225e-21, 7.05861e-23, 3.28225e-21, 0.1, 0, -7.05861e-23, 2.31635e-42, 0.1, 1.31411e-14, 0.88426, -0.0171798)
amount = 16
lifetime = 2.0
explosiveness = 1.0
process_material = SubResource("ParticleProcessMaterial_wn7ew")

[node name="Gun2_2" parent="Armature_003/Skeleton3D" index="1"]
transform = Transform3D(1, 5.79719e-13, 1.1531e-13, 2.78341e-13, -0.615661, 0.788011, 6.22178e-13, -0.78801, -0.615661, 4.33271e-14, 0.262872, -0.682117)

[node name="Gun2_2" parent="Armature_003/Skeleton3D/Gun2_2" index="0"]
material_override = ExtResource("2_ngki2")

[node name="Gun1_2" parent="Armature_003/Skeleton3D" index="2"]
transform = Transform3D(1, 5.8088e-13, 7.26931e-14, 3.12639e-13, -0.615661, 0.788011, 5.96856e-13, -0.788011, -0.615661, 4.3336e-14, 0.262872, -0.682117)

[node name="Gun1_2" parent="Armature_003/Skeleton3D/Gun1_2" index="0"]
material_override = ExtResource("2_ngki2")

[node name="Shield" parent="Armature_003/Skeleton3D" index="3"]
transform = Transform3D(1, 5.11591e-13, 7.10543e-14, 2.84217e-13, -0.615662, 0.788011, 5.68434e-13, -0.788011, -0.615661, 2.47415e-13, 0.0598243, -0.887022)

[node name="Shield" parent="Armature_003/Skeleton3D/Shield" index="0"]
material_override = ExtResource("2_ngki2")

[node name="Frame" parent="Armature_003/Skeleton3D" index="4"]
transform = Transform3D(1, -7.81597e-14, -8.96831e-44, 8.96831e-44, 0, 1, -7.81597e-14, -1, 0, -2.78496e-14, 0, -0.356317)

[node name="Frame" parent="Armature_003/Skeleton3D/Frame" index="0"]
material_override = ExtResource("2_ngki2")

[node name="Tread1" parent="Armature_003/Skeleton3D" index="5"]
transform = Transform3D(1, 7.10543e-15, 0, 0, 0, 1, 7.10543e-15, -1, 0, 0.572157, -8.47612e-09, -0.193911)

[node name="Tread1" parent="Armature_003/Skeleton3D/Tread1" index="0"]
material_override = ExtResource("2_ngki2")

[node name="Tread2" parent="Armature_003/Skeleton3D" index="6"]
transform = Transform3D(1, 7.10543e-15, 0, 0, 0, 1, 7.10543e-15, -1, 0, -0.587285, -8.47612e-09, -0.193911)

[node name="Tread2" parent="Armature_003/Skeleton3D/Tread2" index="0"]
material_override = ExtResource("2_ngki2")

[node name="AnimationPlayer" parent="." index="1"]
libraries = {
&"": SubResource("AnimationLibrary_rkhw0"),
&"Mortar": SubResource("AnimationLibrary_qwcck")
}
autoplay = "Idle"

[editable path="Armature_003/Skeleton3D/Gun3_2/Gun3_2/TestSmoke1"]
