[gd_scene load_steps=4 format=3 uid="uid://c1ut1ou3bio5v"]

[ext_resource type="PackedScene" uid="uid://c52jeaqpo6aj0" path="res://Scenes/game_hud.tscn" id="1_q2fht"]

[sub_resource type="Environment" id="Environment_q2fht"]

[sub_resource type="PlaneMesh" id="PlaneMesh_q2fht"]
size = Vector2(1, 1)

[node name="MainLevel" type="Node3D"]

[node name="WorldEnvironment" type="WorldEnvironment" parent="."]
environment = SubResource("Environment_q2fht")

[node name="DirectionalLight3D" type="DirectionalLight3D" parent="."]
transform = Transform3D(0.993914, -0.0130512, -0.109382, 0.109382, 0.23457, 0.965926, 0.0130512, -0.972012, 0.23457, 0, 0, 0)

[node name="MapHolder" type="Node3D" parent="."]

[node name="MeshInstance3D" type="MeshInstance3D" parent="MapHolder"]
mesh = SubResource("PlaneMesh_q2fht")

[node name="GameHud" parent="." instance=ExtResource("1_q2fht")]

[node name="CameraHolder" type="Node3D" parent="."]
transform = Transform3D(0.939693, 0, 0.34202, 0, 1, 0, -0.34202, 0, 0.939693, 0, 0, 0)

[node name="Camera3D" type="Camera3D" parent="CameraHolder"]
transform = Transform3D(1, 0, 0, 0, 0.707107, 0.707107, 0, -0.707107, 0.707107, 0, 20, 20)
projection = 1
fov = 1.0
size = 10.0
